c       Table 
c       S. M. Burke, J. M. Simmie, and H. J. Curran
c       Critical Evaluation of Thermochemical Properties of C1–C4 Species: 
c            Updated Group-Contributions to Estimate Thermochemical Properties
c       Journal of Physical and Chemical Reference Data 44, 013101 (2015);
c       doi: 10.1063/1.4902535
c       IC4H9  =  ISOBUTYL 
g
 95   1 1.P                                               1 0.0 1.0     1 1.0b15
l  cRh2(.)                                                          
 95   1 2  1 101.15  1   2.51  1 -1.14 -1.64 -2.14 -2.60 -3.32 -3.89  0.0  0 b15
 95   1 3  0 0  0  2  0  0  0  0  0  0  0  0  0  0  0  0  0  0  0  0  0  0  0b15
 95   2 1.ISOBUTYL                                        0 1.0 1.0     2 6.0b95
l   chR2/ch2(.)
 95   2 2  1 101.60  1   1.64    -0.23 -0.90 -1.54 -2.09 -3.01 -3.60  0.0  7 b95
 95   2 3  0 0  0  4  0  0  0  0  0  3  0  0  0  0  0  0  0  0  0  0  0  0  0b95
 95   3 1.CCJ                                             0 1.0 1.0     2 6.0b95
l  ch3/ch2(.)
 95   3 2  1 101.77  1   2.27    -0.21 -0.77 -1.33 -1.89 -2.80 -3.48  0.0  7 b95
 95   3 3  0 0  0  2  0  0  0  0  0  5  0  0  0  0  0  0  0  0  0  0  0  0  0b95
 95   4 1.S                                               1 0.0 1.0     1 1.0b95
l  cR2h(.)                                                          
 95   4 2  1  98.07  1   4.26  1 -1.78 -2.98 -3.49 -3.81 -4.40 -4.78  0.0  0 b95
 95   4 3  0 0  0  3  0  0  0  0  0  1  0  0  0  0  0  0  0  0  0  0  0  0  0b95
 95   4 1.T                                               1 0.0 1.0     1 1.0b95
l  cR3(.)                                                           
 95   4 2  1  96.14  1   5.14  1 -2.81 -4.19 -4.84 -5.10 -5.33 -5.36  0.0  0 b95
 95   4 3  0 0  0  3  0  0  0  0  0  0  0  0  0  0  0  0  0  0  0  0  0  0  0b95
 95   5 1.VIN                                             0 1.0 1.0     2 6.0b95
l   cR2//ch(.)
 95   5 2  1 110.53 1    1.16    -0.13 -0.65 -1.27 -1.81 -2.83 -3.44  0.0  7 b95
 95   5 3  0 0  0  4  0  0  0  0  0  1  0  0  0  0  0  0  0  0  0  0  0  0  0b95
 95   6 1.VINS                                            0 1.0 1.0     2 6.0b95
l   cR2//c(.)/cR3
 95   6 2  1 106.96  1   1.31    -0.40 -1.08 -1.73 -2.18 -2.93 -3.48   0.0 7 b95
 95   6 3  0 0  0  8  0  0  0  0  0  0  0  0  0  0  0  0  0  0  0  0  0  0  0b95
 95   7 1.ALLYL_P                                         0 1.0 1.0     2 6.0b95
l   cR2//cR/ch2(.)
 95   7 2  1  87.90  1  -1.77    -0.80 -0.93 -1.24 -1.59 -1.88 -2.57   0.0 7 b95
 95   7 3  0 0  0  8  0  0  0  0  0  2  0  0  0  0  0  0  0  0  0  0  0  0  0b95
 95   8 1.ALLYL_S                                         0 1.0 1.0     2 6.0b95
l   cR2//cR/chR(.)
 95   8 2  1  85.50  1  -3.81    -1.54 -1.82 -2.08 -2.32 -2.75 -3.14   0.0 7 b95
 95   8 3  0 0  0  7  0  0  0  0  0  1  0  0  0  0  0  0  0  0  0  0  0  0  0b95
 95   8 1.ALKOXY
l   cR3/o(.)
 95   8 2  1 104.92  1  -1.71     0.52 -0.60 -1.11 -1.56 -2.13 -2.61   0.0 7 b95
 95   8 3  0 0  0  4  0  0  0  0  0  0  0  0  1  0  0  0  0  0  0  0  0  0  0b95
 95   8 1.CJCOH
l   cR2(.)/cR2/oh
 95   8 2  1 101.78  1  -1.99     1.16  0.32 -0.55 -1.38 -2.49 -3.26   0.0 7 b95
 95   8 3  0 0  0  6  0  0  0  0  0  1  0  0  1  0  0  0  0  0  0  0  0  0  0b95
 95   8 1.CCJOH
l   cR3/cR(.)/oh
 95   8 2  1  95.08  1   0.54    -0.22 -0.87 -1.54 -2.16 -2.91 -3.50   0.0 7 b95
 95   8 3  0 0  0  6  0  0  0  0  0  1  0  0  1  0  0  0  0  0  0  0  0  0  0b95
 95   8 1.ALPEROX
l   cR2/o/o(.)
 95   8 2  1  85.27  1  -0.48    -1.17 -1.78 -2.28 -2.74 -3.25 -3.68   0.0 7 b95
 95   8 3  0 0  0  3  0  0  0  0  0  0  0  0  2  0  0  0  0  0  0  0  0  0  0b95
 95   8 1.ALPEROXOH
l   cR(/oh)/o/o(.)
 95   8 2  1  86.80  1   0.23    -2.07 -2.78 -3.28 -4.68 -4.89 -4.54   0.0 7 b95
 95   8 3  0 0  0  2  0  0  0  0  0  1  0  0  3  0  0  0  0  0  0  0  0  0  0b95

 