c          Table 9 
c          Paraskevis, Sabbe, Reyniers, Papayannakos, Marin
c          Group Additive Values for the Gas‐Phase Standard Enthalpy of Formation, 
c                     Entropy and Heat Capacity of Oxygenates
c          Chem. Eur. J. 2013, 19, 16431 – 16452
c          GAVs for the standard enthalpies of formation (DfH8) and entropies (S8) at 298 K, 
c              and the heat capacities (Cp8) at various temperatures for oxygenate radicals
c
g
  9   1 1 c/r-(c)/2-(o)                                     0 0.0 0.0     0 0.0p13
  9   1 2  1 155.16  1 -39.23  1 19.52 21.73 23.91 25.60 27.45 27.99 27.50 0 p13                             
  9   1 3  0 0  0  3  0  0  0  0  0  0  0  0  1  0  0  0  0  0  0  0  0  0  0p13
  9   2 1 c/r-(c)/2-(co)                                  0 0.0 0.0     0 0.0p13
  9   2 2  1 135.45  1 -46.75  1 14.54 17.15 19.66 25.60 21.71 24.53 26.43 0 p13                             
  9   2 3  0 0  0  3  0  0  0  0  0  0  0  0  1  0  0  0  0  0  0  0  0  0  0p13
  9   3 1 c/r-(c)/2-(cco)                                 0 0.0 0.0     0 0.0p13
  9   3 2  1 132.75  1 -44.13  1 14.20 17.53 20.49 22.93 26.24 28.14 30.01 0 p13                             
  9   3 3  0 0  0  3  0  0  0  0  0  0  0  0  1  0  0  0  0  0  0  0  0  0  0p13
  9   4 1 c/r-(c/d)/2-(o)                                 0 0.0 0.0     0 0.0p13
  9   4 2  1  50.94  1 -73.75  1 21.49 33.96 40.23 42.88 43.61 42.44 38.66 0 p13                             
  9   4 3  0 0  0  2  0  0  0  0  0  0  0  0  1  0  0  0  0  0  0  0  0  0  0p13
  9   5 1 c/r-(c/d)/2-(co)                                0 0.0 0.0     0 0.0p13
  9   5 2  1  78.16  1 -81.87  1 16.83 24.89 29.53 32.09 34.37 35.51 38.04 0 p13                             
  9   5 3  0 0  0  2  0  0  0  0  0  0  0  0  1  0  0  0  0  0  0  0  0  0  0p13
  9   6 1 c/r-(c)-(c/d)-(o)                               0 0.0 0.0     0 0.0p13
  9   6 2  1  86.33  1 -57.31  1 25.39 30.92 33.87 35.35 36.20 35.98 34.54 0 p13                             
  9   6 3  0 0  0  2  0  0  0  0  0  0  0  0  1  0  0  0  0  0  0  0  0  0  0p13
  9   7 1 c/r-(c)-(c/d)-(co)                              0 0.0 0.0     0 0.0p13
  9   7 2  1 104.76  1 -66.34  1 15.79 21.15 24.72 27.01 29.56 31.06 35.55 0 p13                             
  9   7 3  0 0  0  4  0  0  0  0  0  0  0  0  1  0  0  0  0  0  0  0  0  0  0p13
  9   8 1 c/r-(c)-(c/d)-(cco)                             0 0.0 0.0     0 0.0p13
  9   8 2  1  84.96  1 -53.60  1 17.65 23.44 27.11 29.45 32.00 33.23 34.39 0 p13                             
  9   8 3  0 0  0  5  0  0  0  0  0  0  0  0  1  0  0  0  0  0  0  0  0  0  0p13
  9   9 1 c/r-(c/d)/2-(cco)                               0 0.0 0.0     0 0.0p13
  9   9 2  1  67.27  1 -82.90  1 16.94 26.08 31.17 34.02 36.63 37.68 38.61 0 p13                             
  9   9 3  0 0  0  5  0  0  0  0  0  0  0  0  1  0  0  0  0  0  0  0  0  0  0p13
  9  10 1 c/r-(c)-(o)/2                                   0 0.0 0.0     0 0.0p13
  9  10 2  1 128.38  1 -50.23  1 25.67 30.78 33.92 35.16 34.78 33.35 30.35 0 p13                             
  9  10 3  0 0  0  5  0  0  0  0  0  0  0  0  2  0  0  0  0  0  0  0  0  0  0p13
  9  11 1 c/r-(c)-(o)-(co)                                0 0.0 0.0     0 0.0p13
  9  11 2  1 104.46  1 -52.70  1 22.32 25.83 28.30 29.66 30.63 30.96 31.94 0 p13                             
  9  11 3  0 0  0  3  0  0  0  0  0  0  0  0  2  0  0  0  0  0  0  0  0  0  0p13
  9  12 1 c/r-(c)-(co)-(h)                                0 0.0 0.0     0 0.0p13
  9  12 2  1 134.59  1  39.10  1 22.17 26.56 30.26 33.13 37.23 40.10 44.27 0 p13                             
  9  12 3  0 0  0  3  0  0  0  0  0  1  0  0  1  0  0  0  0  0  0  0  0  0  0p13
  9  13 1 c/r-(c)-(cco)-(h)                               0 0.0 0.0     0 0.0p13
  9  13 2  1 128.25  1  46.75  1 20.95 25.43 29.04 31.94 36.20 39.13 42.98 0 p13                             
  9  13 3  0 0  0  3  0  0  0  0  0  1  0  0  1  0  0  0  0  0  0  0  0  0  0p13
  9  14 1 c/r-(c/d)-(o)/2                                 0 0.0 0.0     0 0.0p13
  9  14 2  1  64.16  1 -72.83  1 30.75 39.12 41.99 42.23 40.43 38.41 35.02 0 p13                             
  9  14 3  0 0  0  3  0  0  0  0  0  1  0  0  1  0  0  0  0  0  0  0  0  0  0p13
  9  15 1 c/r-(c/d)-(o)-(co)                              0 0.0 0.0     0 0.0p13
  9  15 2  1  70.00  1 -71.72  1 26.65 34.49 38.51 40.12 40.55 40.02 38.00 0 p13                             
  9  15 3  0 0  0  3  0  0  0  0  0  0  0  0  2  0  0  0  0  0  0  0  0  0  0p13
  9  16 1 c/r-(c/d)-(o)-(h)                               0 0.0 0.0     0 0.0p13
  9  16 2  1  89.65  1  25.41  1 22.35 31.83 38.05 41.74 45.15 46.48 47.80 0 p13                             
  9  16 3  0 0  0  3  0  0  0  0  0  1  0  0  2  0  0  0  0  0  0  0  0  0  0p13
  9  17 1 c/r-(c/d)-(co)-(h)                              0 0.0 0.0     0 0.0p13
  9  17 2  1  89.77  1  22.04  1 25.87 32.67 37.04 39.85 43.39 45.86 49.62 0 p13                             
  9  17 3  0 0  0  3  0  0  0  0  0  1  0  0  2  0  0  0  0  0  0  0  0  0  0p13
  9  18 1 c/r-(c/d)-(cco)-(h)                             0 0.0 0.0     0 0.0p13
  9  18 2  1  77.76  1  15.88  1 20.38 28.22 33.39 36.87 41.26 44.07 48.23 0 p13                             
  9  18 3  0 0  0  4  0  0  0  0  0  1  0  0  2  0  0  0  0  0  0  0  0  0  0p13
  9  19 1 c/r-(o)/3                                       0 0.0 0.0     0 0.0p13
  9  19 2  1  83.12  1 -51.50  1 26.01 31.07 33.94 34.98 34.75 33.59 30.85 0 p13                             
  9  19 3  0 0  0  1  0  0  0  0  0  0  0  0  3  0  0  0  0  0  0  0  0  0  0p13
  9  20 1 c/r-(o)/2-(co)                                  0 0.0 0.0     0 0.0p13
  9  20 2  1  62.34  1 -73.41  1 24.21 31.01 38.58 41.09 41.64 40.35 37.91 0 p13                             
  9  20 3  0 0  0  1  0  0  0  0  0  0  0  0  3  0  0  0  0  0  0  0  0  0  0p13
  9  21 1 c/r-(o)-(co)/2                                  0 0.0 0.0     0 0.0p13
  9  21 2  1 102.56  1 -73.51  1 24.48 29.10 32.19 33.75 34.54 34.48 35.58 0 p13                             
  9  21 3  0 0  0  1  0  0  0  0  0  0  0  0  3  0  0  0  0  0  0  0  0  0  0p13
  9  22 1 c/r-(o)/2-(h)                                   0 0.0 0.0     0 0.0p13
  9  22 2  1 125.07  1  33.78  1 28.53 34.84 38.50 40.37 41.95 42.62 43.44 0 p13                             
  9  22 3  0 0  0  1  0  0  0  0  0  0  0  0  3  0  0  0  0  0  0  0  0  0  0p13
  9  23 1 c/r-(o)/2-(h)                                   0 0.0 0.0     0 0.0p13
  9  23 2  1 137.10  1  23.00  1 26.42 31.95 36.49 39.80 44.01 46.56 49.49 0 p13                             
  9  23 3  0 0  0  1  0  0  0  0  0  1  0  0  2  0  0  0  0  0  0  0  0  0  0p13
  9  24 1 c/r-(o)-(co)-(h)                                0 0.0 0.0     0 0.0p13
  9  24 2  1 112.79  1  29.33  1 25.96 32.08 36.61 39.55 42.75 44.33 46.24 0 p13                             
  9  24 3  0 0  0  2  0  0  0  0  0  1  0  0  2  0  0  0  0  0  0  0  0  0  0p13
  9  25 1 c/r-(o)-(h)/2                                   0 0.0 0.0     0 0.0p13
  9  25 2  1 147.15  1 126.15  1 27.47 33.14 37.78 41.39 46.67 50.54 56.24 0 p13                             
  9  25 3  0 0  0  1  0  0  0  0  0  2  0  0  1  0  0  0  0  0  0  0  0  0  0p13
  9  26 1 c/r-(co)-(h)/2                                  0 0.0 0.0     0 0.0p13
  9  26 2  1 136.53  1 123.82  1 26.91 32.39 36.69 40.14 45.63 50.02 57.28 0 p13                             
  9  26 3  0 0  0  2  0  0  0  0  0  2  0  0  1  0  0  0  0  0  0  0  0  0  0p13
  9  27 1 c/r-(cco)-(h)/2                                 0 0.0 0.0     0 0.0p13
  9  27 2  1 116.85  1 122.13  1 27.37 33.60 38.13 41.57 46.78 50.80 57.44 0 p13                             
  9  27 3  0 0  0  3  0  0  0  0  0  2  0  0  1  0  0  0  0  0  0  0  0  0  0p13
  