c          Table 4
c          Paraskevis, Sabbe, Reyniers, Papayannakos, Marin
c          Group Additive Values for the Gas‐Phase Standard Enthalpy of Formation, 
c                     Entropy and Heat Capacity of Oxygenates
c          Chem. Eur. J. 2013, 19, 16431 – 16452
c          GAVs for the standard enthalpies of formation (DfH8) and entropies (S8) at 298 K, 
c              and the heat capacities (Cp8) at various temperatures for oxygenate radicals
c
g
  4   1 1 c-(c)/3-(o)                                     0 0.0 0.0     0 0.0p13
  4   1 2  1 -20.34  1-144.38  1 23.99 31.20 34.89 36.47  36.78 36.05 34.40 0p13                             
  4   1 3  0 0  0  4  0  0  0  0  0  0  0  0  1  0  0  0  0  0  0  0  0  0  0p13
  4   2 1 c-(c)/3-(co)                                    0 0.0 0.0     0 0.0p13
  4   2 2  1   4.57  1-140.94  1 22.68 27.48 30.12 31.51  32.36 32.39 32.42 0p13                             
  4   2 3  0 0  0  5  0  0  0  0  0  0  0  0  1  0  0  0  0  0  0  0  0  0  0p13
  4   3 1 c-(c)/2-(o)/2                                   0 0.0 0.0     0 0.0p13
  4   3 2  1 -69.23  1-163.77  1 27.88 43.75 51.85 54.00  50.77 45.94 38.31 0p13                             
  4   3 3  0 0  0  3  0  0  0  0  0  0  0  0  2  0  0  0  0  0  0  0  0  0  0p13
  4   4 1 c-(c)/2-(co)/2                                  0 0.0 0.0     0 0.0p13
  4   4 2  1  14.95  1-146.69  1 33.76 33.42 32.60 31.91  31.01 30.55 30.35 0p13                             
  4   4 3  0 0  0  5  0  0  0  0  0  0  0  0  2  0  0  0  0  0  0  0  0  0  0p13
  4   5 1 c-(c)/2-(co)-(o)                                0 0.0 0.0     0 0.0p13
  4   5 2  1 -10.87  1-148.70  1 28.15 35.17 38.11 38.72  37.49 35.88 33.45 0p13                             
  4   5 3  0 0  0  4  0  0  0  0  0  0  0  0  2  0  0  0  0  0  0  0  0  0  0p13
  4   6 1 c-(c)/2-(o)-(h)                                 0 0.0 0.0     0 0.0p13
  4   6 2  1 -25.09  1 -50.05  1 21.99 29.03 34.22 37.78  41.96 44.27 47.11 0p13                             
  4   6 3  0 0  0  3  0  0  0  0  0  0  1  0  1  0  0  0  0  0  0  0  0  0  0p13
  4   7 1 c-(c)/2-(co)-(h)                                0 0.0 0.0     0 0.0p13
  4   7 2  1  -5.41  1 -47.41  1 23.68 27.86 31.26 34.00  38.07 41.00 45.46 0p13                             
  4   7 3  0 0  0  4  0  0  0  0  0  0  1  0  1  0  0  0  0  0  0  0  0  0  0p13
  4   8 1 c-(c)/2-(o)-(h)/2                               0 0.0 0.0     0 0.0p13
  4   8 2  1 -34.33  1  37.65  1 25.01 31.90 37.45 41.88  48.53 53.31 60.53 0p13                             
  4   8 3  0 0  0  4  0  0  0  0  0  0  1  0  1  0  0  0  0  0  0  0  0  0  0p13
  4   9 1 c-(c)/2-(co)-(h)/2                              0 0.0 0.0     0 0.0p13
  4   9 2  1 -21.51  1  40.32  1 26.91 30.80 34.98 38.91  45.56 50.73 58.93 0p13                             
  4   9 3  0 0  0  4  0  0  0  0  0  0  2  0  1  0  0  0  0  0  0  0  0  0  0p13
  4  10 1 c-(o)/2-(h)/2                                   0 0.0 0.0     0 0.0p13
  4  10 2  1 -67.53  1  17.89  1 27.35 43.68 53.55 58.15  60.86 61.66 63.53 0p13                             
  4  10 3  0 0  0  1  0  0  0  0  0  0  2  0  2  0  0  0  0  0  0  0  0  0  0p13
  4  11 1 c-(co)/2-(h)/2                                  0 0.0 0.0     0 0.0p13
  4  11 2  1 -10.01  1  40.10  1 27.77 32.81 37.10 40.67  46.39 50.85 58.25 0p13                             
  4  11 3  0 0  0  3  0  0  0  0  0  0  2  0  2  0  0  0  0  0  0  0  0  0  0p13
  4  12 1 c-(co)-(o)-(h)/2                                0 0.0 0.0     0 0.0p13
  4  12 2  1 -19.83  1  31.54  1 26.75 34.37 40.77 45.37  51.20 54.96 60.79 0p13                             
  4  12 3  0 0  0  2  0  0  0  0  0  0  2  0  2  0  0  0  0  0  0  0  0  0  0p13
  4  13 1 c-(o)-(h)/3                                     0 0.0 0.0     0 0.0p13
  4  13 2  1 -42.90  1 127.12  1 25.31 32.07 38.44 44.06  53.36 60.63 72.47 0p13                             
  4  13 3  0 0  0  2  0  0  0  0  0  0  2  0  2  0  0  0  0  0  0  0  0  0  0p13
  4  14 1 c-(co)-(h)/3                                    0 0.0 0.0     0 0.0p13
  4  14 2  1 -42.90  1 127.12  1 25.31 32.07 38.44 44.06  53.36 60.63 72.47 0p13                             
  4  14 3  0 0  0  2  0  0  0  0  0  0  2  0  2  0  0  0  0  0  0  0  0  0  0p13
  4  15 1 o-(c)/2                                         0 0.0 0.0     0 0.0p13
  4  15 2  1 -98.62  1  38.61  1 14.70 13.40 13.58 14.54  16.71 18.29 20.17 0p13                             
  4  15 3  0 0  0  2  0  0  0  0  0  0  2  0  2  0  0  0  0  0  0  0  0  0  0p13
  4  16 1 o-(c)-(co)                                      0 0.0 0.0     0 0.0p13
  4  16 2  1-102.16  1  45.71  1 11.49  9.94  9.96 10.70  12.71 14.71 18.00 0p13                             
  4  16 3  0 0  0  2  0  0  0  0  0  0  2  0  2  0  0  0  0  0  0  0  0  0  0p13
  4  17 1 o-(co)/2                                        0 0.0 0.0     0 0.0p13
  4  17 2  1 -46.39  1  80.80  1 18.40 11.55  6.97  3.72  -0.53 -2.57 -1.41 0p13                             
  4  17 3  0 0  0  2  0  0  0  0  0  0  0  0  3  0  0  0  0  0  0  0  0  0  0p13
  4  18 1 o-(c)-(h)                                       0 0.0 0.0     0 0.0p13
  4  18 2  1-165.22  1 125.32  1 19.07 19.80 20.85 22.07  24.57 26.95 31.66 0p13                             
  4  18 3  0 0  0  1  0  0  0  0  0  0  1  0  1  0  0  0  0  0  0  0  0  0  0p13
  4  19 1 o-(co)-(h)                                      0 0.0 0.0     0 0.0p13
  4  19 2  1-165.22  1 125.32  1 19.07 19.80 20.85 22.07  24.57 26.95 31.66 0p13                             
  4  19 3  0 0  0  1  0  0  0  0  0  0  1  0  1  0  0  0  0  0  0  0  0  0  0p13
  4  20 1 co-(c)/2                                        0 0.0 0.0     0 0.0p13
  4  20 2  1-132.23  1  61.78  1 23.82 27.70 31.22 34.19  38.37 40.85 43.26 0p13                             
  4  20 3  0 0  0  1  0  0  0  0  0  0  0  0  3  0  0  0  0  0  0  0  0  0  0p13
  4  21 1 co-(c)-(o)                                      0 0.0 0.0     0 0.0p13
  4  21 2  1-221.97  1  43.52  1 20.67 28.39 34.60 39.48  46.23 50.09 52.68 0p13                             
  4  21 3  0 0  0  2  0  0  0  0  0  0  0  0  2  0  0  0  0  0  0  0  0  0  0p13
  4  22 1 co-(c)-(co)                                     0 0.0 0.0     0 0.0p13
  4  22 2  1-122.03  1  57.80  1 26.77 30.83 34.36 37.37  41.27 43.45 45.25 0p13                             
  4  22 3  0 0  0  3  0  0  0  0  0  0  0  0  2  0  0  0  0  0  0  0  0  0  0p13
  4  23 1 co-(o)/2                                        0 0.0 0.0     0 0.0p13
  4  23 2  1-281.39  1  22.66  1 26.17 39.30 48.25 53.88  58.97 59.63 59.03 0p13                             
  4  23 3  0 0  0  3  0  0  0  0  0  0  0  0  2  0  0  0  0  0  0  0  0  0  0p13
  4  24 1 co-(co)/2                                       0 0.0 0.0     0 0.0p13
  4  24 2  1 -89.30  1  64.51  1 31.75 33.35 34.10 34.51  35.19 36.06 38.14 0p13                             
  4  24 3  0 0  0  3  0  0  0  0  0  0  0  0  2  0  0  0  0  0  0  0  0  0  0p13
  4  25 1 co-(o)-(co)                                     0 0.0 0.0     0 0.0p13
  4  25 2  1-196.18  1  39.37  1 27.18 34.34 39.85 44.13  49.81 52.40 52.33 0p13                             
  4  25 3  0 0  0  2  0  0  0  0  0  0  0  0  3  0  0  0  0  0  0  0  0  0  0p13
  4  26 1 co-(c)-(h)                                      0 0.0 0.0     0 0.0p13
  4  26 2  1-123.42  1 145.46  1 26.24 31.22 35.94 40.13  46.73 51.39 57.73 0p13                             
  4  26 3  0 0  0  2  0  0  0  0  0  0  1  0  1  0  0  0  0  0  0  0  0  0  0p13
  4  27 1 co-(o)-(h)                                      0 0.0 0.0     0 0.0p13
  4  27 2  1-211.83  1 124.04  1 25.88 34.56 42.08 48.16  56.57 61.38 65.84 0p13                             
  4  27 3  0 0  0  1  0  0  0  0  0  0  1  0  2  0  0  0  0  0  0  0  0  0  0p13
  4  27 1 co-(co)-(h)                                     0 0.0 0.0     0 0.0p13
  4  27 2  1-104.85  1 140.49  1 29.76 34.63 39.25 43.32  49.57 53.77 59.32 0p13                             
  4  27 3  0 0  0  2  0  0  0  0  0  0  1  0  2  0  0  0  0  0  0  0  0  0  0p13
  4  28 1 c-(c)/3-(cco)                                   0 0.0 0.0     0 0.0p13
  4  28 2  1  -4.55  1 144.08  1 20.63 27.65 31.98 34.41  36.16 36.25 35.20 0p13                             
  4  28 3  0 0  0  2  0  0  0  0  0  0  1  0  2  0  0  0  0  0  0  0  0  0  0p13
  4  29 1 c-(c)/2-(cco)-(h)                               0 0.0 0.0     0 0.0p13
  4  29 2  1 -11.05  1 -47.59  1 21.23 27.55 32.36 35.85  40.37 43.16 46.94 0p13                             
  4  29 3  0 0  0  5  0  0  0  0  0  0  1  0  1  0  0  0  0  0  0  0  0  0  0p13
  4  30 1 c-(c)-(cco)-(h)/2                               0 0.0 0.0     0 0.0p13
  4  30 2  1 -21.07  1  40.95  1 21.19 28.00 33.91 38.75  46.07 51.36 59.45 0p13                             
  4  30 3  0 0  0  5  0  0  0  0  0  0  1  0  1  0  0  0  0  0  0  0  0  0  0p13
  4  31 1 c-(cco)-(h)/3                                   0 0.0 0.0     0 0.0p13
  4  31 2  1 -43.90  1 127.12  1 25.31 32.07 38.44 44.06  53.36 60.63 72.47 0p13                             
  4  31 3  0 0  0  5  0  0  0  0  0  0  1  0  1  0  0  0  0  0  0  0  0  0  0p13
  4  32 1 cco-(c)/2                                       0 0.0 0.0     0 0.0p13
  4  32 2  1   0.54  1  84.72  1 42.55 46.42 50.00 53.24  58.30 61.71 66.01 0p13                             
  4  32 3  0 0  0  4  0  0  0  0  0  0  0  0  1  0  0  0  0  0  0  0  0  0  0p13
  4  33 1 cco-(c)-(h)                                     0 0.0 0.0     0 0.0p13
  4  33 2  1 -17.65  1 169.15  1 43.83 50.10 55.50 60.05  67.09 72.13 79.55 0p13                             
  4  33 3  0 0  0  4  0  0  0  0  0  0  0  0  1  0  0  0  0  0  0  0  0  0  0p13
  4  34 1 c-(c)/2-(c/d)-(o)                               0 0.0 0.0     0 0.0p13
  4  34 2  1 -14.57  1-153.23  1 29.24 37.41 40.84 41.86  40.06 38.20 35.08 0p13                             
  4  34 3  0 0  0  4  0  0  0  0  0  0  0  0  1  0  0  0  0  0  0  0  0  0  0p13
  4  35 1 c-(c)/2-(c/d)-(co)                              0 0.0 0.0     0 0.0p13
  4  35 2  1   9.78  1-146.74  1 26.01 30.13 32.44 33.51  33.75 33.26 32.55 0p13                             
  4  35 3  0 0  0  5  0  0  0  0  0  0  0  0  1  0  0  0  0  0  0  0  0  0  0p13
  4  36 1 c-(c)-(c/d)-(o)/2                               0 0.0 0.0     0 0.0p13
  4  36 2  1 -62.75  1-170.44  1 27.95 42.92 51.33 54.81  53.92 49.73 41.11 0p13                             
  4  36 3  0 0  0  3  0  0  0  0  0  0  0  0  2  0  0  0  0  0  0  0  0  0  0p13
  4  37 1 c-(c)-(c/d)-(co)/2                              0 0.0 0.0     0 0.0p13
  4  37 2  1 -19.86  1-150.69  1 35.99 39.33 39.94 39.09  36.71 34.80 32.51 0p13                             
  4  37 3  0 0  0  5  0  0  0  0  0  0  0  0  2  0  0  0  0  0  0  0  0  0  0p13
  4  38 1 c-(c)-(c/d)-(o)-(h)                             0 0.0 0.0     0 0.0p13
  4  38 2  1 -23.99  1 -66.06  1 29.84 38.86 43.83 46.37  48.34 49.06 49.94 0p13                             
  4  38 3  0 0  0  3  0  0  0  0  0  0  1  0  1  0  0  0  0  0  0  0  0  0  0p13
  4  39 1 c-(c)-(c/d)-(co)-(h)                            0 0.0 0.0     0 0.0p13
  4  39 2  1  -2.17  1 -50.47  1 29.32 32.99 35.49 37.28  39.75 41.06 44.96 0p13                             
  4  39 3  0 0  0  3  0  0  0  0  0  0  1  0  1  0  0  0  0  0  0  0  0  0  0p13
  4  40 1 c-(c/d)/2-(o)/2                                 0 0.0 0.0     0 0.0p13
  4  40 2  1 -55.74  1-179.76  1 30.08 45.85 54.70 58.39  57.78 53.65 44.31 0p13                             
  4  40 3  0 0  0  3  0  0  0  0  0  0  1  0  1  0  0  0  0  0  0  0  0  0  0p13
  4  41 1 c-(c/d)/2-(co)/2                                0 0.0 0.0     0 0.0p13
  4  41 2  1  25.20  1-168.67  1 42.49 50.96 52.27 50.54  45.33 41.10 35.70 0p13                             
  4  41 3  0 0  0  3  0  0  0  0  0  0  1  0  1  0  0  0  0  0  0  0  0  0  0p13
  4  42 1 c-(c/d)/2-(co)-(o)                              0 0.0 0.0     0 0.0p13
  4  42 2  1   2.99  1-160.69  1 36.85 46.04 49.00 48.85  45.61 42.23 37.25 0p13                             
  4  42 3  0 0  0  3  0  0  0  0  0  0  1  0  1  0  0  0  0  0  0  0  0  0  0p13
  4  43 1 c-(c/d)/2-(o)-(h)                               0 0.0 0.0     0 0.0p13
  4  43 2  1 -17.40  1 -64.14  1 29.82 38.47 43.47 45.70  47.50 48.09 48.78 0p13                             
  4  43 3  0 0  0  3  0  0  0  0  0  0  1  0  1  0  0  0  0  0  0  0  0  0  0p13
  4  44 1 c-(c/d)/2-(co)-(h)                              0 0.0 0.0     0 0.0p13
  4  44 2  1   2.86  1 -53.20  1 29.26 34.41 37.40 39.22  41.43 43.04 46.12 0p13                             
  4  44 3  0 0  0  4  0  0  0  0  0  0  1  0  1  0  0  0  0  0  0  0  0  0  0p13
  4  45 1 c-(c/d)-(o)-(h)/2                               0 0.0 0.0     0 0.0p13
  4  45 2  1 -26.64  1  34.59  1 28.42 35.65 40.62 44.31  49.79 53.92 60.60 0p13                             
  4  45 3  0 0  0  2  0  0  0  0  0  0  2  0  1  0  0  0  0  0  0  0  0  0  0p13
  4  46 1 c-(c/d)-(co)-(h)/2                              0 0.0 0.0     0 0.0p13
  4  46 2  1 -16.85  1  40.18  1 24.94 31.41 36.47 40.49  46.72 51.49 59.29 0p13                             
  4  46 3  0 0  0  3  0  0  0  0  0  0  2  0  1  0  0  0  0  0  0  0  0  0  0p13
  4  47 1 c/d-(c)-(o)                                     0 0.0 0.0     0 0.0p13
  4  47 2  1  32.95  1 -50.89  1 12.79 15.86 19.67 22.91  26.55 27.85 28.45 0p13                             
  4  47 3  0 0  0  2  0  0  0  0  0  0  1  0  0  0  0  0  0  0  0  0  0  0  0p13
  4  48 1 c/d-(c)-(co)                                    0 0.0 0.0     0 0.0p13
  4  48 2  1  38.97  1 -51.26  1 15.33 16.82 18.64 20.42  23.20 25.00 27.10 0p13                             
  4  48 3  0 0  0  2  0  0  0  0  0  0  1  0  0  0  0  0  0  0  0  0  0  0  0p13
  4  49 1 c/d-(o)/2                                       0 0.0 0.0     0 0.0p13
  4  49 2  1  28.28  1 -42.69  1 11.34 11.93 14.86 17.95  22.31 24.60 26.92 0p13                             
  4  49 3  0 0  0  2  0  0  0  0  0  0  1  0  0  0  0  0  0  0  0  0  0  0  0p13
  4  50 1 c/d-(o)-(h)                                     0 0.0 0.0     0 0.0p13
  4  50 2  1  36.37  1  33.51  1 18.08 21.17 24.43 27.41  32.22 35.73 40.97 0p13                             
  4  50 3  0 0  0  2  0  0  0  0  0  0  1  0  0  0  0  0  0  0  0  0  0  0  0p13
  4  50 1 c/d-(co)-(h)                                    0 0.0 0.0     0 0.0p13
  4  50 2  1  36.37  1  33.51  1 18.08 21.17 24.43 27.41  32.22 35.73 40.97 0p13                             
  4  50 3  0 0  0  2  0  0  0  0  0  0  1  0  0  0  0  0  0  0  0  0  0  0  0p13
  4  50 1 c/d-(cco)-(h)                                   0 0.0 0.0     0 0.0p13
  4  50 2  1  36.37  1  33.51  1 18.08 21.17 24.43 27.41  32.22 35.73 40.97 0p13                             
  4  50 3  0 0  0  2  0  0  0  0  0  0  1  0  0  0  0  0  0  0  0  0  0  0  0p13
  4  51 1 o-(c)-(c/d)                                     0 0.0 0.0     0 0.0p13
  4  51 2  1-123.88  1  18.91  1 19.07 23.32 25.26 25.92  25.50 24.52 22.72 0p13                             
  4  51 3  0 0  0  2  0  0  0  0  0  0  1  0  0  0  0  0  0  0  0  0  0  0  0p13
  4  52 1 o-(co)-(c/d)                                    0 0.0 0.0     0 0.0p13
  4  52 2  1-100.60  1  38.43  1 20.02 19.61 18.50 17.71  17.02 16.49 15.33 0p13                             
  4  52 3  0 0  0  2  0  0  0  0  0  0  0  0  2  0  0  0  0  0  0  0  0  0  0p13
  4  52 1 o-(c/d)-(h)                                     0 0.0 0.0     0 0.0p13
  4  52 2  1-188.07  1 106.30  1 24.60 30.30 32.52 33.15  33.29 33.55 34.97 0p13                             
  4  52 3  0 0  0  2  0  0  0  0  0  0  0  0  2  0  0  0  0  0  0  0  0  0  0p13
  4  52 1 co-(c)-(c/d)                                    0 0.0 0.0     0 0.0p13
  4  52 2  1-130.44  1  47.38  1 25.26 30.66 34.68 37.69  41.62 43.93 46.69 0p13                             
  4  52 3  0 0  0  3  0  0  0  0  0  0  0  0  1  0  0  0  0  0  0  0  0  0  0p13
  4  53 1 co-(o)-(c/d)                                    0 0.0 0.0     0 0.0p13
  4  53 2  1-130.44  1  47.38  1 25.26 30.66 34.68 37.69  41.62 43.93 46.69 0p13                             
  4  53 3  0 0  0  3  0  0  0  0  0  0  0  0  1  0  0  0  0  0  0  0  0  0  0p13
  4  54 1 co-(o)-(c/d)                                    0 0.0 0.0     0 0.0p13
  4  54 2  1-130.44  1  47.38  1 25.26 30.66 34.68 37.69  41.62 43.93 46.69 0p13                             
  4  54 3  0 0  0  3  0  0  0  0  0  0  0  0  1  0  0  0  0  0  0  0  0  0  0p13
  4  55 1 co-(c/d)-(h)                                    0 0.0 0.0     0 0.0p13
  4  55 2  1-128.34  1 129.26  1 27.31 34.00 39.42 43.77  50.16 54.55 60.77 0p13                             
  4  55 3  0 0  0  2  0  0  0  0  0  0  1  0  1  0  0  0  0  0  0  0  0  0  0p13
  4  56 1 c-(c)/2-(c/d)-(cco)                             0 0.0 0.0     0 0.0p13
  4  56 2  1   2.86  1-144.60  1 25.48 31.89 35.19 36.68  37.19 36.66 34.96 0p13                             
  4  56 3  0 0  0  2  0  0  0  0  0  0  1  0  1  0  0  0  0  0  0  0  0  0  0p13
  4  57 1 c-(c)-(c/d)-(cco)-(h)                           0 0.0 0.0     0 0.0p13
  4  57 2  1 -10.44  1 -54.03  1 24.45 31.59 36.01 38.80  42.13 44.21 47.25 0p13                             
  4  57 3  0 0  0  2  0  0  0  0  0  0  1  0  1  0  0  0  0  0  0  0  0  0  0p13
  4  58 1 c-(c/d)/2-(cco)-(h)                             0 0.0 0.0     0 0.0p13
  4  58 2  1  -6.83  1 -55.37  1 27.62 35.40 39.24 41.25  43.40 44.87 47.43 0p13                             
  4  58 3  0 0  0  2  0  0  0  0  0  0  1  0  1  0  0  0  0  0  0  0  0  0  0p13
  4  58 1 c-(c/d)-(cco)-(h)/2                             0 0.0 0.0     0 0.0p13
  4  58 2  1 -22.24  1  37.92  1 25.85 31.99 37.06 41.14  47.42 52.15 59.73 0p13                             
  4  58 3  0 0  0  4  0  0  0  0  0  0  2  0  1  0  0  0  0  0  0  0  0  0  0p13
  4  59 1 c/d-(c)-(cco)                                   0 0.0 0.0     0 0.0p13
  4  59 2  1  41.57  1 -48.01  1 22.68 24.05 24.63 25.07  25.64 25.84 25.70 0p13                             
  4  59 3  0 0  0  4  0  0  0  0  0  0  1  0  0  0  0  0  0  0  0  0  0  0  0p13
  4  60 1 cco-(c/d)-(h)                                   0 0.0 0.0     0 0.0p13
  4  60 2  1 -35.99  1 152.19  1 43.67 52.95 59.65 64.67  71.81 76.72 83.92 0p13                             
  4  60 3  0 0  0  3  0  0  0  0  0  0  1  0  1  0  0  0  0  0  0  0  0  0  0p13
  