c          Table 9 
c          Paraskevis, Sabbe, Reyniers, Papayannakos, Marin
c          Group Additive Values for the Gas‐Phase Standard Enthalpy of Formation, 
c                     Entropy and Heat Capacity of Oxygenates
c          Chem. Eur. J. 2013, 19, 16431 – 16452
c          GAVs for the standard enthalpies of formation (DfH8) and entropies (S8) at 298 K, 
c              and the heat capacities (Cp8) at various temperatures for oxygenate radicals
c
g
  9   1 1 c/r-(c)/2-(o)                                   0 0.0 0.0     0 0.0p13
  9   1 2  1 155.16  1 -39.23  1 19.52 21.73 23.91 25.60 27.45 27.99 27.50 0 p13                             
  9   1 3  0 0  0  3  0  0  0  0  0  0  0  0  1  0  0  0  0  0  0  0  0  0  0p13
  9   2 1 c/r-(c)/2-(co)                                  0 0.0 0.0     0 0.0p13
  9   2 2  1 135.45  1 -46.75  1 14.56 17.15 19.66 21.71 24.53 26.43 29.41 0 p13                             
  9   2 3  0 0  0  3  0  0  0  0  0  0  0  0  1  0  0  0  0  0  0  0  0  0  0p13
  9   3 1 c/r-(c)/2-(cco)                                 0 0.0 0.0     0 0.0p13
  9   3 2  1 132.75  1 -44.13  1 14.20 17.53 20.49 22.93 26.24 28.14 30.01 0 p13                             
  9   3 3  0 0  0  3  0  0  0  0  0  0  0  0  1  0  0  0  0  0  0  0  0  0  0p13
  9   4 1 c/r-(c/d)/2-(o)                                 0 0.0 0.0     0 0.0p13
  9   4 2  1  50.94  1 -73.75  1 21.49 33.96 40.23 42.88 43.61 42.44 38.66 0 p13                             
  9   4 3  0 0  0  2  0  0  0  0  0  0  0  0  1  0  0  0  0  0  0  0  0  0  0p13
  9   5 1 c/r-(c/d)/2-(co)                                0 0.0 0.0     0 0.0p13
  9   5 2  1  78.16  1 -81.87  1 16.83 24.89 29.53 32.09 34.37 35.51 38.04 0 p13                             
  9   5 3  0 0  0  2  0  0  0  0  0  0  0  0  1  0  0  0  0  0  0  0  0  0  0p13
  9   6 1 c/r-(c)-(c/d)-(o)                               0 0.0 0.0     0 0.0p13
  9   6 2  1  86.33  1 -57.31  1 25.39 30.92 33.87 35.35 36.20 35.98 34.54 0 p13                             
  9   6 3  0 0  0  2  0  0  0  0  0  0  0  0  1  0  0  0  0  0  0  0  0  0  0p13
  9   7 1 c/r-(c)-(c/d)-(co)                              0 0.0 0.0     0 0.0p13
  9   7 2  1 104.76  1 -66.34  1 15.79 21.15 24.72 27.01 29.56 31.06 33.55 0 p13                             
  9   7 3  0 0  0  4  0  0  0  0  0  0  0  0  1  0  0  0  0  0  0  0  0  0  0p13
  9   8 1 c/r-(c)-(c/d)-(cco)                             0 0.0 0.0     0 0.0p13
  9   8 2  1  84.96  1 -53.60  1 17.65 23.44 27.11 29.45 32.00 33.23 34.39 0 p13                             
  9   8 3  0 0  0  5  0  0  0  0  0  0  0  0  1  0  0  0  0  0  0  0  0  0  0p13
  9   9 1 c/r-(c/d)/2-(cco)                               0 0.0 0.0     0 0.0p13
  9   9 2  1  67.27  1 -82.90  1 16.94 26.08 31.17 34.02 36.63 37.68 38.61 0 p13                             
  9   9 3  0 0  0  5  0  0  0  0  0  0  0  0  1  0  0  0  0  0  0  0  0  0  0p13
  9  10 1 c/r-(c)-(o)/2                                   0 0.0 0.0     0 0.0p13
  9  10 2  1 120.38  1 -50.23  1 25.67 30.78 33.92 35.16 34.78 33.35 30.35 0 p13                             
  9  10 3  0 0  0  5  0  0  0  0  0  0  0  0  2  0  0  0  0  0  0  0  0  0  0p13
  9  12 1 c/r-(c)-(o)-(co)                                0 0.0 0.0     0 0.0p13
  9  12 2  1 104.46  1 -52.70  1 22.32 25.83 28.30 29.66 30.63 30.96 31.94 0 p13                             
  9  12 3  0 0  0  3  0  0  0  0  0  0  0  0  2  0  0  0  0  0  0  0  0  0  0p13
  9  11 1 c/r-(c)-(o)-(h)                                 0 0.0 0.0     0 0.0p13
  9  11 2  1 149.09  1  40.56  1 23.75 29.14 33.07 35.69 38.76 40.53 42.76 0 p13                             
  9  11 3  0 0  0  2  0  0  0  0  0  1  0  0  1  0  0  0  0  0  0  0  0  0  0p13
  9  13 1 c/r-(c)-(co)-(h)                                0 0.0 0.0     0 0.0p13
  9  13 2  1 134.59  1  39.10  1 22.17 26.56 30.26 33.13 37.23 40.10 44.27 0 p13                             
  9  13 3  0 0  0  3  0  0  0  0  0  1  0  0  1  0  0  0  0  0  0  0  0  0  0p13
  9  14 1 c/r-(c)-(cco)-(h)                               0 0.0 0.0     0 0.0p13
  9  14 2  1 128.25  1  46.75  1 20.95 25.43 29.04 31.94 36.20 39.13 42.98 0 p13                             
  9  14 3  0 0  0  3  0  0  0  0  0  1  0  0  1  0  0  0  0  0  0  0  0  0  0p13
  9  15 1 c/r-(c/d)-(o)/2                                 0 0.0 0.0     0 0.0p13
  9  15 2  1  64.16  1 -72.83  1 30.75 39.12 41.99 42.23 40.43 38.41 35.02 0 p13                             
  9  15 3  0 0  0  3  0  0  0  0  0  1  0  0  1  0  0  0  0  0  0  0  0  0  0p13
  9  16 1 c/r-(c/d)-(o)-(co)                              0 0.0 0.0     0 0.0p13
  9  16 2  1  70.00  1 -71.72  1 26.65 34.49 38.51 40.12 40.55 40.02 38.00 0 p13                             
  9  16 3  0 0  0  3  0  0  0  0  0  0  0  0  2  0  0  0  0  0  0  0  0  0  0p13
  9  17 1 c/r-(c/d)-(o)-(h)                               0 0.0 0.0     0 0.0p13
  9  17 2  1  89.65  1  25.41  1 22.35 31.83 38.05 41.74 45.15 46.48 47.80 0 p13                             
  9  17 3  0 0  0  3  0  0  0  0  0  1  0  0  2  0  0  0  0  0  0  0  0  0  0p13
  9  18 1 c/r-(c/d)-(co)-(h)                              0 0.0 0.0     0 0.0p13
  9  18 2  1  89.77  1  22.04  1 25.87 32.67 37.04 39.85 43.39 45.86 49.62 0 p13                             
  9  18 3  0 0  0  3  0  0  0  0  0  1  0  0  2  0  0  0  0  0  0  0  0  0  0p13
  9  19 1 c/r-(c/d)-(cco)-(h)                             0 0.0 0.0     0 0.0p13
  9  19 2  1  77.76  1  15.88  1 20.38 28.22 33.39 36.87 41.26 44.07 48.23 0 p13                             
  9  19 3  0 0  0  4  0  0  0  0  0  1  0  0  2  0  0  0  0  0  0  0  0  0  0p13
  9  20 1 c/r-(o)/3                                       0 0.0 0.0     0 0.0p13
  9  20 2  1  83.12  1 -51.50  1 26.01 31.07 33.94 34.98 34.75 33.59 30.85 0 p13                             
  9  20 3  0 0  0  1  0  0  0  0  0  0  0  0  3  0  0  0  0  0  0  0  0  0  0p13
  9  21 1 c/r-(o)/2-(co)                                  0 0.0 0.0     0 0.0p13
  9  21 2  1  62.34  1 -73.41  1 24.21 31.01 38.58 41.09 41.64 40.35 37.91 0 p13                             
  9  21 3  0 0  0  1  0  0  0  0  0  0  0  0  3  0  0  0  0  0  0  0  0  0  0p13
  9  22 1 c/r-(o)-(co)/2                                  0 0.0 0.0     0 0.0p13
  9  22 2  1 102.56  1 -73.51  1 24.48 29.10 32.19 33.75 34.54 34.48 35.58 0 p13                             
  9  22 3  0 0  0  1  0  0  0  0  0  0  0  0  3  0  0  0  0  0  0  0  0  0  0p13
  9  23 1 c/r-(o)/2-(h)                                   0 0.0 0.0     0 0.0p13
  9  23 2  1 125.07  1  33.78  1 28.53 34.84 38.50 40.37 41.95 42.62 43.44 0 p13                             
  9  23 3  0 0  0  1  0  0  0  0  0  0  0  0  3  0  0  0  0  0  0  0  0  0  0p13
  9  24 1 c/r-(o)/2-(h)                                   0 0.0 0.0     0 0.0p13
  9  24 2  1 137.10  1  23.00  1 26.42 31.95 36.49 39.80 44.01 46.56 49.49 0 p13                             
  9  24 3  0 0  0  1  0  0  0  0  0  1  0  0  2  0  0  0  0  0  0  0  0  0  0p13
  9  25 1 c/r-(o)-(co)-(h)                                0 0.0 0.0     0 0.0p13
  9  25 2  1 112.79  1  29.33  1 25.96 32.08 36.61 39.55 42.75 44.33 46.24 0 p13                             
  9  25 3  0 0  0  2  0  0  0  0  0  1  0  0  2  0  0  0  0  0  0  0  0  0  0p13
  9  26 1 c/r-(o)-(h)/2                                   0 0.0 0.0     0 0.0p13
  9  26 2  1 147.15  1 126.15  1 27.47 33.14 37.78 41.39 46.67 50.54 56.24 0 p13                             
  9  26 3  0 0  0  1  0  0  0  0  0  2  0  0  1  0  0  0  0  0  0  0  0  0  0p13
  9  27 1 c/r-(co)-(h)/2                                  0 0.0 0.0     0 0.0p13
  9  27 2  1 136.53  1 123.82  1 26.91 32.39 36.69 40.14 45.63 50.02 57.28 0 p13                             
  9  27 3  0 0  0  2  0  0  0  0  0  2  0  0  1  0  0  0  0  0  0  0  0  0  0p13
  9  28 1 c/r-(cco)-(h)/2                                 0 0.0 0.0     0 0.0p13
  9  28 2  1 116.85  1 122.13  1 27.37 33.60 38.13 41.57 46.78 50.80 57.44 0 p13                             
  9  28 3  0 0  0  3  0  0  0  0  0  2  0  0  1  0  0  0  0  0  0  0  0  0  0p13
  9  29 1 c/dr-(o)                                        0 0.0 0.0     0 0.0p13
  9  29 2  1 275.75  1  53.38  1 14.33 12.36 12.60 13.76 16.25 18.02 20.31 0 p13                             
  9  29 3  0 0  0  1  0  0  0  0  0  0  0  0  1  0  0  0  0  0  0  0  0  0  0p13
  9  30 1 c/dr-(co)                                       0 0.0 0.0     0 0.0p13
  9  30 2  1 271.22  1  43.59  1 20.66 20.93 21.20 21.48 22.02 22.40 22.83 0 p13                             
  9  30 3  0 0  0  1  0  0  0  0  0  0  0  0  1  0  0  0  0  0  0  0  0  0  0p13
  9  31 1 c-(c)/2-(c/r)-(o)                               0 0.0 0.0     0 0.0p13
  9  31 2  1 -18.85  1-149.06  1 28.70 35.09 38.15 39.30 39.10 37.96 35.30 0 p13                             
  9  31 3  0 0  0  4  0  0  0  0  0  0  0  0  2  0  0  0  0  0  0  0  0  0  0p13
  9  32 1 c-(c)/2-(c/r)-(co)                              0 0.0 0.0     0 0.0p13
  9  32 2  1   5.14  1-144.98  1 31.12 34.25 35.35 35.47 34.66 33.74 32.81 0 p13                             
  9  32 3  0 0  0  5  0  0  0  0  0  0  0  0  1  0  0  0  0  0  0  0  0  0  0p13
  9  33 1 c-(c)/2-(c/r)-(cco)                             0 0.0 0.0     0 0.0p13
  9  33 2  1  -2.05  1-145.43  1 27.51 32.03 34.58 35.88 36.54 36.24 35.06 0 p13                             
  9  33 3  0 0  0  6  0  0  0  0  0  0  0  0  1  0  0  0  0  0  0  0  0  0  0p13
  9  34 1 c-(c/r)-(c)-(c/d)-(o)                           0 0.0 0.0     0 0.0p13
  9  34 2  1 -12.34  1-153.98  1 30.27 37.69 40.74 41.45 40.34 38.61 35.47 0 p13                             
  9  34 3  0 0  0  4  0  0  0  0  0  0  0  0  1  0  0  0  0  0  0  0  0  0  0p13
  9  35 1 c-(c/r)-(c)-(c/d)-(co)                          0 0.0 0.0     0 0.0p13
  9  35 2  1  11.53  1-148.81  1 31.34 34.94 36.12 36.12 34.95 33.75 32.63 0 p13                             
  9  35 3  0 0  0  5  0  0  0  0  0  0  0  0  1  0  0  0  0  0  0  0  0  0  0p13
  9  36 1 c-(c/r)-(c)-(c/d)-(co)                          0 0.0 0.0     0 0.0p13
  9  36 2  1  11.53  1-148.81  1 31.34 34.94 36.12 36.12 34.95 33.75 32.63 0 p13                             
  9  36 3  0 0  0  5  0  0  0  0  0  0  0  0  1  0  0  0  0  0  0  0  0  0  0p13
  9  37 1 c-(c/r)-(c)-(c/d)-(cco)                         0 0.0 0.0     0 0.0p13
  9  37 2  1   2.16  1-148.26  1 31.32 36.01 37.61 37.94 37.33 36.43 34.78 0 p13                             
  9  37 3  0 0  0  6  0  0  0  0  0  0  0  0  1  0  0  0  0  0  0  0  0  0  0p13
  9  38 1 c-(c)-(c/r)-(o)/2                               0 0.0 0.0     0 0.0p13
  9  38 2  1 -62.79  1-167.57  1 32.81 46.47 53.23 54.99 52.00 47.30 39.46 0 p13                             
  9  38 3  0 0  0  3  0  0  0  0  0  0  0  0  2  0  0  0  0  0  0  0  0  0  0p13
  9  39 1 c-(c)-(c/r)-(co)/2                              0 0.0 0.0     0 0.0p13
  9  39 2  1  13.05  1-149.76  1 39.01 40.17 39.54 38.40 36.17 34.52 32.67 0 p13                             
  9  39 3  0 0  0  3  0  0  0  0  0  0  0  0  2  0  0  0  0  0  0  0  0  0  0p13
  9  40 1 c-(c)-(c/r)-(co)-(o)                            0 0.0 0.0     0 0.0p13
  9  40 2  1 -11.04  1-156.02  1 37.01 44.26 46.68 46.30 43.00 39.81 35.56 0 p13                             
  9  40 3  0 0  0  3  0  0  0  0  0  0  0  0  2  0  0  0  0  0  0  0  0  0  0p13
  9  41 1 c-(c)-(c/r)-(o)-(h)                             0 0.0 0.0     0 0.0p13
  9  41 2  1 -25.03  1 -56.64  1 31.46 36.60 39.92 42.07 44.62 46.15 48.26 0 p13                             
  9  41 3  0 0  0  3  0  0  0  0  0  0  1  0  1  0  0  0  0  0  0  0  0  0  0p13
  9  42 1 c-(c)-(c/r)-(co)-(h)                            0 0.0 0.0     0 0.0p13
  9  42 2  1  -4.83  1 -50.62  1 29.81 32.30 34.60 36.55 39.58 41.80 45.56 0 p13                             
  9  42 3  0 0  0  4  0  0  0  0  0  0  1  0  1  0  0  0  0  0  0  0  0  0  0p13
  9  43 1 c-(c)-(c/r)-(cco)-(h)                           0 0.0 0.0     0 0.0p13
  9  43 2  1  -9.35  1 -49.22  1 25.79 30.20 33.84 36.64 40.53 43.12 46.90 0 p13                             
  9  43 3  0 0  0  4  0  0  0  0  0  0  1  0  1  0  0  0  0  0  0  0  0  0  0p13
  9  44 1 c-(c/r)-(c/d)-(o)/2                             0 0.0 0.0     0 0.0p13
  9  44 2  1 -59.88  1-175.64  1 31.43 46.96 55.71 59.16 57.80 53.00 43.30 0 p13                             
  9  44 3  0 0  0  3  0  0  0  0  0  0  0  0  2  0  0  0  0  0  0  0  0  0  0p13
  9  45 1 c-(c/r)-(c/d)-(co)/2                            0 0.0 0.0     0 0.0p13
  9  45 2  1  19.06  1-161.92  1 44.76 48.28 47.98 46.26 42.30 39.15 35.11 0 p13                             
  9  45 3  0 0  0  4  0  0  0  0  0  0  0  0  2  0  0  0  0  0  0  0  0  0  0p13
  9  45 1 c-(c/r)-(c/d)-(co)-(o)                          0 0.0 0.0     0 0.0p13
  9  45 2  1  -1.77  1-159.87  1 39.35 46.85 49.21 48.70 44.94 41.16 35.77 0 p13                             
  9  45 3  0 0  0  4  0  0  0  0  0  0  0  0  2  0  0  0  0  0  0  0  0  0  0p13
  9  46 1 c-(c/r)-(o)-(h)/2                               0 0.0 0.0     0 0.0p13
  9  46 2  1 -29.08  1  38.21  1 23.86 31.47 37.48 42.05 48.57 53.14 60.10 0 p13                             
  9  46 3  0 0  0  2  0  0  0  0  0  0  2  0  1  0  0  0  0  0  0  0  0  0  0p13
  9  47 1 c-(c/r)-(co)-(h)/2                              0 0.0 0.0     0 0.0p13
  9  47 2  1 -20.52  1  34.29  1 27.04 31.42 35.82 39.70 46.02 50.88 58.96 0 p13                             
  9  47 3  0 0  0  3  0  0  0  0  0  0  2  0  1  0  0  0  0  0  0  0  0  0  0p13
  9  49 1 c-(c/r)-(cco)-(h)/2                             0 0.0 0.0     0 0.0p13
  9  49 2  1 -23.12  1  43.11  1 22.39 28.78 34.41 39.07 46.20 51.37 59.30 0 p13                             
  9  49 3  0 0  0  2  0  0  0  0  0  0  2  0  1  0  0  0  0  0  0  0  0  0  0p13  
  9  50 1 c/d-(c/r)-(o)                                   0 0.0 0.0     0 0.0p13
  9  50 2  1  41.89  1 -45.61  1 15.00 16.75 18.92 20.93 23.64 25.10 27.04 0 p13                             
  9  50 3  0 0  0  2  0  0  0  0  0  0  0  0  1  0  0  0  0  0  0  0  0  0  0p13
  9  51 1 c/d-(c/r)-(co)                                  0 0.0 0.0     0 0.0p13
  9  51 2  1  45.05  1 -58.57  1 17.47 18.86 20.02 21.12 23.04 24.44 26.44 0 p13                             
  9  51 3  0 0  0  3  0  0  0  0  0  0  0  0  1  0  0  0  0  0  0  0  0  0  0p13
  9  52 1 c/d-(c/r)-(cco)                                 0 0.0 0.0     0 0.0p13
  9  52 2  1  48.57  1 -46.90  1 20.36 21.64 22.71 23.76 25.48 26.62 28.05 0 p13                             
  9  52 3  0 0  0  4  0  0  0  0  0  0  0  0  1  0  0  0  0  0  0  0  0  0  0p13
  9  53 1 o-(c)-(c/r)                                     0 0.0 0.0     0 0.0p13
  9  53 2  1 -99.36  1  42.20  1 14.87 13.32 12.88 13.23 14.62 15.99 18.28 0 p13                             
  9  53 3  0 0  0  2  0  0  0  0  0  0  0  0  1  0  0  0  0  0  0  0  0  0  0p13
  9  54 1 o-(c/r)-(c/d)                                   0 0.0 0.0     0 0.0p13
  9  54 2  1-119.21  1  31.68  1 13.74 16.97 18.84 19.77 20.19 20.08 20.00 0 p13                             
  9  54 3  0 0  0  2  0  0  0  0  0  0  0  0  1  0  0  0  0  0  0  0  0  0  0p13
  9  55 1 o-(c/r)-(co)                                    0 0.0 0.0     0 0.0p13
  9  55 2  1 -97.27  1  47.93  1 15.94 14.61 14.28 14.41 14.88 15.30 16.28 0 p13                             
  9  55 3  0 0  0  2  0  0  0  0  0  0  0  0  1  0  0  0  0  0  0  0  0  0  0p13
  9  56 1 o-(c/r)-(h)                                     0 0.0 0.0     0 0.0p13
  9  56 2  1-165.22  1 125.32  1 19.07 19.80 20.85 22.07 24.57 26.95 31.66 0 p13                             
  9  56 3  0 0  0  1  0  0  0  0  0  1  0  0  1  0  0  0  0  0  0  0  0  0  0p13
  9  57 1 o-(c/dr)-(h)                                    0 0.0 0.0     0 0.0p13
  9  57 2  1-188.07  1 106.30  1 24.60 30.30 32.53 33.15 33.29 33.55 34.97 0 p13                             
  9  57 3  0 0  0  1  0  0  0  0  0  1  0  0  1  0  0  0  0  0  0  0  0  0  0p13
  9  58 1 co-(c)-(c/r)                                    0 0.0 0.0     0 0.0p13
  9  58 2  1-122.60  1  61.22  1 22.86 27.37 31.13 34.21 38.45 40.84 43.04 0 p13                             
  9  58 3  0 0  0  1  0  0  0  0  0  1  0  0  1  0  0  0  0  0  0  0  0  0  0p13
  9  59 1 co-(c/r)-(o)                                    0 0.0 0.0     0 0.0p13
  9  59 2  1-205.75  1  40.93  1 23.81 31.34 37.29 42.01 48.47 51.79 52.59 0 p13                             
  9  59 3  0 0  0  2  0  0  0  0  0  0  0  0  1  0  0  0  0  0  0  0  0  0  0p13
  9  60 1 co-(c/r)-(co)                                   0 0.0 0.0     0 0.0p13
  9  60 2  1-123.74  1  49.23  1 25.42 31.40 36.06 39.55 43.81 45.83 47.15 0 p13                             
  9  60 3  0 0  0  3  0  0  0  0  0  0  0  0  1  0  0  0  0  0  0  0  0  0  0p13
  9  61 1 co-(c/r)-(h)                                    0 0.0 0.0     0 0.0p13
  9  61 2  1-123.42  1 145.46  1 26.24 31.22 35.94 40.13 46.74 51.39 57.73 0 p13                             
  9  61 3  0 0  0  1  0  0  0  0  0  1  0  0  1  0  0  0  0  0  0  0  0  0  0p13
  9  62 1 co-(c/dr)-(h)                                   0 0.0 0.0     0 0.0p13
  9  62 2  1-128.34  1 129.26  1 27.31 34.00 39.42 43.77 50.16 54.55 60.77 0 p13                             
  9  62 3  0 0  0  1  0  0  0  0  0  1  0  0  1  0  0  0  0  0  0  0  0  0  0p13
  9  63 1 cco-(c)-(c/r)                                   0 0.0 0.0     0 0.0p13
  9  63 2  1  -1.55  1  86.07  1 40.39 44.31 48.23 51.78 57.24 60.89 65.70 0 p13                             
  9  63 3  0 0  0  4  0  0  0  0  0  0  0  0  1  0  0  0  0  0  0  0  0  0  0p13
  9  64 1 cco-(c/r)-(h)                                   0 0.0 0.0     0 0.0p13
  9  64 2  1 -17.65  1 169.15  1 43.83 50.10 55.50 60.05 67.09 72.13 79.55 0 p13                             
  9  64 3  0 0  0  3  0  0  0  0  0  1  0  0  0  0  0  0  0  0  0  0  0  0  0p13
  9  65 1 cco-(c/dr)-(h)                                  0 0.0 0.0     0 0.0p13
  9  65 2  1 -35.99  1 152.19  1 43.67 52.95 59.65 64.67 71.81 76.72 83.92 0 p13                             
  9  65 3  0 0  0  3  0  0  0  0  0  1  0  0  0  0  0  0  0  0  0  0  0  0  0p13
  9  66 1 o-(c)-(c/r)                                     0 0.0 0.0     0 0.0p13
  9  66 2  1-123.91  1  29.08  1 15.59 18.82 20.17 20.60 20.69 20.69 20.75 0 p13                             
  9  66 3  0 0  0  3  0  0  0  0  0  1  0  0  0  0  0  0  0  0  0  0  0  0  0p13
  9  67 1 co-(c/dr)-(o)                                   0 0.0 0.0     0 0.0p13
  9  67 2  1-204.45  1  32.70  1 25.04 34.88 42.15 47.35 53.29 55.42 54.78 0 p13                             
  9  67 3  0 0  0  3  0  0  0  0  0  1  0  0  0  0  0  0  0  0  0  0  0  0  0p13
  9  68 1 c-(c)/3-(co/r)                                  0 0.0 0.0     0 0.0p13
  9  68 2  1  36.40  1  12.08  1 46.18 53.72 58.65 62.02 66.03 68.16 70.33 0 p13                             
  9  68 3  0 0  0  3  0  0  0  0  0  1  0  0  0  0  0  0  0  0  0  0  0  0  0p13
  9  69 1 c-(c)/2-(c/d)-(co/r)                            0 0.0 0.0     0 0.0p13
  9  69 2  1  40.21  1   9.36  1 50.75 57.17 61.46 64.34 67.62 69.27 70.88 0 p13                             
  9  69 3  0 0  0  3  0  0  0  0  0  0  0  0  1  0  0  0  0  0  0  0  0  0  0p13
  9  70 1 c-(c)/2-(co)-(co/r)                             0 0.0 0.0     0 0.0p13
  9  70 2  1  48.67  1   9.22  1 56.21 60.54 63.12 64.82 66.85 68.02 69.54 0 p13                             
  9  70 3  0 0  0  3  0  0  0  0  0  0  0  0  2  0  0  0  0  0  0  0  0  0  0p13
  9  71 1 c-(c)/2-(co/r)-(o)                              0 0.0 0.0     0 0.0p13
  9  71 2  1  18.78  1   4.55  1 53.86 62.50 67.63 70.49 72.73 73.15 72.64 0 p13                             
  9  71 3  0 0  0  3  0  0  0  0  0  0  0  0  2  0  0  0  0  0  0  0  0  0  0p13
  9  72 1 c-(c)/2-(co/r)-(h)                              0 0.0 0.0     0 0.0p13
  9  72 2  1  29.40  1 104.72  1 45.83 53.26 59.28 64.17 73.31 76.14 82.83 0 p13                             
  9  72 3  0 0  0  3  0  0  0  0  0  1  0  0  1  0  0  0  0  0  0  0  0  0  0p13
  9  73 1 c-(c)-(c/d)-(co/r)-(co)                         0 0.0 0.0     0 0.0p13
  9  73 2  1  51.98  1  -4.05  1 68.74 73.32 73.50 72.75 71.45 70.83 70.61 0 p13                             
  9  73 3  0 0  0  5  0  0  0  0  0  0  0  0  2  0  0  0  0  0  0  0  0  0  0p13
  9  74 1 c-(c)-(c/d)-(co/r)-(o)                          0 0.0 0.0     0 0.0p13
  9  74 2  1  25.59  1  -3.69  1 59.23 68.53 73.17 75.21 76.00 75.45 73.66 0 p13                             
  9  74 3  0 0  0  4  0  0  0  0  0  0  0  0  2  0  0  0  0  0  0  0  0  0  0p13
  9  75 1 c-(c)-(co/r)-(h)/2                              0 0.0 0.0     0 0.0p13
  9  75 2  1  14.35  1 192.69  1 47.93 55.32 62.41 68.61 78.36 85.45 96.03 0 p13                             
  9  75 3  0 0  0  3  0  0  0  0  0  2  0  0  2  0  0  0  0  0  0  0  0  0  0p13
  9  76 1 c-(co)-(co/r)-(h)/2                             0 0.0 0.0     0 0.0p13
  9  76 2  1  27.52  1 186.05  1 59.19 65.45 70.35 74.45 81.21 86.59 95.78 0 p13                             
  9  76 3  0 0  0  3  0  0  0  0  0  2  0  0  2  0  0  0  0  0  0  0  0  0  0p13
  9  77 1 c-(o)-(co/r)-(h)/2                              0 0.0 0.0     0 0.0p13
  9  77 2  1  12.63  1 180.42  1 54.18 65.14 72.99 78.52 85.90 90.91 98.51 0 p13                             
  9  77 3  0 0  0  3  0  0  0  0  0  2  0  0  2  0  0  0  0  0  0  0  0  0  0p13
  9  78 1 c/d-(c)-(co/r)                                  0 0.0 0.0     0 0.0p13
  9  78 2  1  74.28  1  84.74  1 41.36 47.05 51.69 55.46 60.85 64.24 68.38 0 p13                             
  9  78 3  0 0  0  3  0  0  0  0  0  0  0  0  1  0  0  0  0  0  0  0  0  0  0p13
  9  79 1 c/d-(co/r)-(h)                                  0 0.0 0.0     0 0.0p13
  9  79 2  1  69.88  1 169.93  1 50.68 57.68 62.76 66.67 72.47 76.61 82.88 0 p13                             
  9  79 3  0 0  0  2  0  0  0  0  0  1  0  0  1  0  0  0  0  0  0  0  0  0  0p13
  9  80 1 o-(c)-(co/r)                                    0 0.0 0.0     0 0.0p13
  9  80 2  1-114.19  1 181.11  1 36.13 40.41 44.74 48.53 54.03 57.31 60.47 0 p13                             
  9  80 3  0 0  0  2  0  0  0  0  0  0  0  0  1  0  0  0  0  0  0  0  0  0  0p13
  9  81 1 o-(co)-(co/r)                                   0 0.0 0.0     0 0.0p13
  9  81 2  1 -70.32  1 184.73  1 50.66 53.45 54.69 54.88 54.10 53.39 53.71 0 p13                             
  9  81 3  0 0  0  2  0  0  0  0  0  0  0  0  1  0  0  0  0  0  0  0  0  0  0p13
  9  82 1 co-(c)-(co/r)                                   0 0.0 0.0     0 0.0p13
  9  82 2  1 -72.30  1 201.4   1 51.62 58.62 64.25 68.73 75.07 79.08 84.08 0 p13                             
  9  82 3  0 0  0  3  0  0  0  0  0  0  0  0  1  0  0  0  0  0  0  0  0  0  0p13
  9  83 1 co-(co)-(co/r)                                  0 0.0 0.0     0 0.0p13
  9  83 2  1 -81.92  1 185.44  1 56.26 63.39 68.96 73.39 79.39 84.12 89.70 0 p13                             
  9  83 3  0 0  0  3  0  0  0  0  0  0  0  0  2  0  0  0  0  0  0  0  0  0  0p13
  9  84 1 co-(o)-(co/r)                                   0 0.0 0.0     0 0.0p13
  9  84 2  1-139.11  1 185.89  1 55.89 66.44 74.40 80.26 87.20 89.93 89.91 0 p13                             
  9  84 3  0 0  0  2  0  0  0  0  0  0  0  0  2  0  0  0  0  0  0  0  0  0  0p13
  9  85 1 c-(c)/3-(o/r)                                   0 0.0 0.0     0 0.0p13
  9  85 2  1  42.50  1 -23.62  1 36.87 43.09 46.67 48.75 50.63 51.27 51.50 0 p13                             
  9  85 3  0 0  0  4  0  0  0  0  0  0  0  0  1  0  0  0  0  0  0  0  0  0  0p13
  9  86 1 c-(c)/2-(o)-(o/r)                               0 0.0 0.0     0 0.0p13
  9  86 2  1  -3.43  1 -30.40  1 35.18 44.84 50.69 53.83 55.86 55.72 53.94 0 p13                             
  9  86 3  0 0  0  3  0  0  0  0  0  0  0  0  2  0  0  0  0  0  0  0  0  0  0p13
  9  87 1 c-(c)/2-(co)-(o/r)                              0 0.0 0.0     0 0.0p13
  9  87 2  1  51.22  1 -24.39  1 40.49 46.07 49.23 50.89 51.97 51.97 51.52 0 p13                             
  9  87 3  0 0  0  4  0  0  0  0  0  0  0  0  2  0  0  0  0  0  0  0  0  0  0p13
  9  88 1 c-(c)/2-(o/r)-(h)                               0 0.0 0.0     0 0.0p13
  9  88 2  1  39.30  1  66.42  1 35.76 42.59 47.75 51.60 56.77 60.08 64.59 0 p13                             
  9  88 3  0 0  0  3  0  0  0  0  0  0  0  0  2  0  0  0  0  0  0  0  0  0  0p13
  9  89 1 c-(c)/2-(c/d)-(o/r)                             0 0.0 0.0     0 0.0p13
  9  89 2  1  39.91  1 -28.04  1 36.77 46.35 51.22 53.11 53.34 53.02 53.87 0 p13                             
  9  89 3  0 0  0  3  0  0  0  0  0  0  0  0  2  0  0  0  0  0  0  0  0  0  0p13
  9  90 1 c-(c)-(c/d)-(o/r)-(o)                           0 0.0 0.0     0 0.0p13
  9  90 2  1   4.68  1 -36.67  1 38.82 50.20 55.53 57.84 58.40 57.34 54.63 0 p13                             
  9  90 3  0 0  0  3  0  0  0  0  0  0  0  0  2  0  0  0  0  0  0  0  0  0  0p13
  9  91 1 c-(c)-(c/d)-(co)-(o/r)                          0 0.0 0.0     0 0.0p13
  9  91 2  1  55.34  1 -37.23  1 47.56 55.00 57.99 58.76 57.84 56.29 53.68 0 p13                             
  9  91 3  0 0  0  3  0  0  0  0  0  0  0  0  2  0  0  0  0  0  0  0  0  0  0p13
  9  92 1 c-(c)-(o/r)-(h)/2                               0 0.0 0.0     0 0.0p13
  9  92 2  1  29.85  1 161.05  1 37.43 44.74 50.99 56.14 63.97 69.61 78.05 0 p13                             
  9  92 3  0 0  0  3  0  0  0  0  0  0  0  0  2  0  0  0  0  0  0  0  0  0  0p13
  9  93 1 c-(o)-(o/r)-(h)/2                               0 0.0 0.0     0 0.0p13
  9  93 2  1  -6.30  1 150.34  1 33.50 43.60 51.83 57.94 66.12 71.42 78.90 0 p13                             
  9  93 3  0 0  0  3  0  0  0  0  0  0  0  0  2  0  0  0  0  0  0  0  0  0  0p13
  9  94 1 c-(o/r)-(co)-(h)/2                              0 0.0 0.0     0 0.0p13
  9  94 2  1  45.96  1 149.09  1 40.03 47.94 54.47 59.59 66.94 71.83 78.90 0 p13                             
  9  94 3  0 0  0  3  0  0  0  0  0  0  0  0  2  0  0  0  0  0  0  0  0  0  0p13
  9  95 1 c/d-(c)-(o/r)                                   0 0.0 0.0     0 0.0p13
  9  95 2  1 -18.32  1  62.81  1 28.18 33.08 36.53 39.03 42.16 43.90 45.81 0 p13                             
  9  95 3  0 0  0  3  0  0  0  0  0  0  0  0  2  0  0  0  0  0  0  0  0  0  0p13
  9  96 1 c/d-(o/r)-(h)                                   0 0.0 0.0     0 0.0p13
  9  96 2  1 -11.62  1 143.17  1 32.58 37.98 42.39 45.94 51.18 54.78 59.95 0 p13                             
  9  96 3  0 0  0  3  0  0  0  0  0  0  0  0  2  0  0  0  0  0  0  0  0  0  0p13
  9  97 1 co-(c)-(o/r)                                    0 0.0 0.0     0 0.0p13
  9  97 2  1 -147.0  1 172.38  1 33.21 39.93 45.25 49.29 54.54 57.57 61.03 0 p13                             
  9  97 3  0 0  0  3  0  0  0  0  0  0  0  0  2  0  0  0  0  0  0  0  0  0  0p13
  9  98 1 co-(c)-(o/r)                                    0 0.0 0.0     0 0.0p13
  9  98 2  1-203.06  1 154.52  1 37.04 46.42 53.37 58.24 63.65 65.69 66.14 0 p13                             
  9  98 3  0 0  0  3  0  0  0  0  0  0  0  0  2  0  0  0  0  0  0  0  0  0  0p13
  9  99 1 co-(o/r)-(co)                                   0 0.0 0.0     0 0.0p13
  9  99 2  1-108.14  1 167.80  1 40.82 47.22 51.46 54.16 57.20 59.00 61.70 0 p13                             
  9  99 3  0 0  0  3  0  0  0  0  0  0  0  0  2  0  0  0  0  0  0  0  0  0  0p13
  9 100 1 c-(c)/3-(cco/r)                                 0 0.0 0.0     0 0.0p13
  9 100 2  1 185.60  1  30.37  1 64.94 75.29 82.39 87.27 92.98 95.93 98.88 0 p13                             
  9 100 3  0 0  0  3  0  0  0  0  0  0  0  0  2  0  0  0  0  0  0  0  0  0  0p13
  9 101 1 c-(c)/2-(c/d)-(cco/r)                           0 0.0 0.0     0 0.0p13
  9 101 2  1 189.71  1  24.66  1 67.82 77.34 83.69 88.02 93.11 95.82 98.70 0 p13                             
  9 101 3  0 0  0  3  0  0  0  0  0  0  0  0  2  0  0  0  0  0  0  0  0  0  0p13
  9 102 1 c-(c)/2-(cco/r)-(h)                             0 0.0 0.0     0 0.0p13
  9 102 2  1 177.10  1 121.12  1 63.65 74.04 82.07 88.33  97.19103.01110.87 0p13                             
  9 102 3  0 0  0  3  0  0  0  0  0  0  0  0  2  0  0  0  0  0  0  0  0  0  0p13
  9 103 1 c-(c)-(cco/r)-(h)/2                             0 0.0 0.0     0 0.0p13
  9 103 2  1 163.50  1 207.82  1 63.44 75.11 84.55 92.22 103.76111.92123.82 0p13                             
  9 103 3  0 0  0  3  0  0  0  0  0  0  0  0  2  0  0  0  0  0  0  0  0  0  0p13
  9 104 1 c/d-(c)-(cco/r)                                 0 0.0 0.0     0 0.0p13
  9 104 2  1 191.58  1 109.81  1 54.88 63.29 69.70 74.72  81.78 86.22 91.75 0p13                             
  9 104 3  0 0  0  3  0  0  0  0  0  0  0  0  2  0  0  0  0  0  0  0  0  0  0p13
  